PROCESS0 58 8 24 2 7 4 2 2 8 3 5 6 2 5 6 6 3 3 4 8 4 8 2 3 2 5 8 5 2 7 5 4 2 1 2 3 7 3 8 8 6 1 7 8 2 5 3 4 3 1
PROCESS1 9 17 7 1 8 2 7 2 1 6 5 2 1 6 7 1
PROCESS2 13 24 7 4 2 1 6 6 1 4 8 4 8 7 8 4
PROCESS3 40 30 23 5 4 1 3 5 4 7 6 2 3 2 6 8 1 5 1 3 3 7 6 3 3 8 8 4 5 3 5 4 2 1 4 7 8 5 2 1 3 4 7 6 8 7 7 8
PROCESS4 14 33 5 1 3 6 3 7 8 1 7 5
PROCESS5 59 38 22 7 2 5 8 7 7 6 2 8 8 8 2 4 3 2 3 6 1 4 4 3 2 1 3 5 1 7 7 6 6 2 8 5 6 2 1 3 3 7 6 8 8 8
PROCESS6 15 48 20 4 2 3 7 3 8 5 3 3 2 1 2 1 7 3 8 1 8 6 3 7 5 1 6 8 5 6 5 5 4 7 4 7 3 5 2 8 3 2
PROCESS7 7 58 22 6 4 7 7 2 2 4 8 5 8 7 3 5 6 1 2 8 4 6 7 8 4 7 3 8 6 8 3 2 4 2 4 3 1 1 8 6 7 1 4 8 6 6
PROCESS8 9 65 3 4 2 1 7 6
PROCESS9 49 70 17 5 3 2 3 5 6 7 5 8 3 6 2 7 7 3 1 3 1 4 8 5 8 5 6 6 8 2 7 3 7 5 6 6
PROCESS10 7 73 21 7 4 7 6 3 6 5 3 4 1 1 5 1 1 3 4 8 3 4 7 6 5 8 6 4 4 5 8 5 2 4 6 1 7 4 6 1 7 4 1 4
PROCESS11 25 79 24 5 6 5 1 1 8 4 3 4 2 4 7 8 6 7 3 4 3 2 4 7 5 8 3 3 7 2 5 5 6 3 4 1 5 4 2 7 7 2 3 5 1 4 1 6 8 2
PROCESS12 21 80 4 4 2 6 5 6 1 1
PROCESS13 60 82 17 3 5 4 4 1 4 8 4 1 6 8 6 5 5 7 1 1 8 2 4 3 4 2 6 7 6 8 2 2 2 7 7 6
PROCESS14 2 91 9 2 4 1 8 3 7 5 5 4 4 7 7 6 6 7 2 8
